136
0 L 0 773 1 
0 D 999 773 1 
1 L 15 1464 1 
1 D 999 1464 1 
2 L 0 552 1 
2 D 998 552 1 
2 L 2 1759 1 
2 D 998 1759 1 
3 L 0 399 1 
3 D 998 399 1 
4 L 0 1708 1 
4 D 997 1708 1 
4 L 15 115 1 
4 D 997 115 1 
4 L 15 1617 1 
4 D 997 1617 1 
4 L 15 299 1 
4 D 997 299 1 
4 L 15 651 1 
4 D 997 651 1 
5 L 0 395 1 
5 D 997 395 1 
5 L 15 1766 1 
5 D 997 1766 1 
6 L 0 1452 1 
6 D 997 1452 1 
6 L 15 1740 1 
6 D 997 1740 1 
7 L 15 1184 1 
7 D 997 1184 1 
8 L 0 621 1 
8 D 997 621 1 
9 L 0 971 1 
9 D 996 971 1 
10 L 0 538 1 
10 D 995 538 1 
10 L 15 1309 1 
10 D 995 1309 1 
10 L 14 452 1 
10 D 995 452 1 
11 L 0 591 1 
11 D 995 591 1 
11 L 14 1304 1 
11 D 995 1304 1 
12 L 0 126 1 
12 D 995 126 1 
13 L 0 348 1 
13 D 994 348 1 
13 L 15 1684 1 
13 D 994 1684 1 
13 L 15 145 1 
13 D 994 145 1 
13 L 15 1992 1 
13 D 994 1992 1 
14 L 0 51 1 
14 D 994 51 1 
14 L 15 1285 1 
14 D 994 1285 1 
15 L 0 1672 1 
15 D 994 1672 1 
16 L 0 1127 1 
16 D 993 1127 1 
16 L 14 1896 1 
16 D 993 1896 1 
17 L 15 1541 1 
17 D 993 1541 1 
18 L 0 1035 1 
18 D 992 1035 1 
18 L 15 1278 1 
18 D 992 1278 1 
18 L 13 1779 1 
18 D 992 1779 1 
18 L 15 290 1 
18 D 992 290 1 
19 L 0 1820 1 
19 D 992 1820 1 
19 L 15 1620 1 
19 D 992 1620 1 
20 L 0 1243 1 
20 D 992 1243 1 
20 L 15 35 1 
20 D 992 35 1 
20 L 15 1531 1 
20 D 992 1531 1 
21 L 0 1222 1 
21 D 992 1222 1 
21 L 15 608 1 
21 D 992 608 1 
22 L 15 1103 1 
22 D 992 1103 1 
23 L 15 1321 1 
23 D 992 1321 1 
24 L 15 107 1 
24 D 991 107 1 
24 L 14 343 1 
24 D 991 343 1 
25 L 14 1771 1 
25 D 991 1771 1 
26 L 15 48 1 
26 D 991 48 1 
27 L 0 1743 1 
27 D 990 1743 1 
27 L 15 1786 1 
27 D 990 1786 1 
27 L 13 1751 1 
27 D 990 1751 1 
28 L 0 1003 1 
28 D 990 1003 1 
28 L 15 806 1 
28 D 990 806 1 
29 L 0 282 1 
29 D 990 282 1 
29 L 14 61 1 
29 D 990 61 1 
3 L 15 1145 1 
3 D 990 1145 1 
9 L 15 1930 1 
9 D 990 1930 1 
12 L 14 421 1 
12 D 990 421 1 
12 L 15 1855 1 
12 D 990 1855 1 
0 L 12 334 1 
0 D 990 334 1 
0 L 15 1433 1 
0 D 990 1433 1 
8 L 15 222 1 
8 D 990 222 1 
15 L 15 1607 1 
15 D 989 1607 1 
15 L 15 1997 1 
15 D 989 1997 1 
15 L 15 1527 1 
15 D 989 1527 1 
11 L 12 1299 1 
11 D 989 1299 1 
