666
0 L 0 992 1
0 D 504 992 1
1 L 0 659 1
1 D 172 659 1
2 L 0 233 1
2 D 233 233 1
3 L 0 452 1
3 D 216 452 1
4 L 0 954 1
4 L 0 741 1
4 D 677 954 1
4 D 677 741 1
5 L 0 558 1
5 D 175 558 1
6 L 0 759 1
6 D 371 759 1
7 L 0 967 1
7 L 0 512 1
7 D 455 967 1
7 D 455 512 1
8 L 0 769 1
8 L 0 439 1
8 D 213 769 1
8 D 213 439 1
9 L 0 684 1
9 D 231 684 1
10 L 0 623 1
10 L 0 918 1
10 L 0 109 1
10 D 634 623 1
10 D 634 918 1
10 D 634 109 1
11 L 0 789 1
11 L 0 384 1
11 D 681 789 1
11 D 681 384 1
12 L 0 575 1
12 L 0 466 1
12 D 139 575 1
12 D 139 466 1
13 L 0 404 1
13 D 124 404 1
14 L 0 382 1
14 D 559 382 1
15 L 0 615 1
15 D 706 615 1
16 L 0 910 1
16 D 799 910 1
17 L 0 432 1
17 L 0 158 1
17 D 149 432 1
17 D 149 158 1
18 L 0 434 1
18 L 0 227 1
18 D 273 434 1
18 D 273 227 1
19 L 0 751 1
19 L 0 456 1
19 D 262 751 1
19 D 262 456 1
17 L 0 870 1
17 L 0 372 1
17 D 631 870 1
17 D 631 372 1
10 L 0 653 1
10 D 531 653 1
11 L 0 350 1
11 D 73 350 1
3 L 0 950 1
3 L 0 168 1
3 D 646 950 1
3 D 646 168 1
4 L 0 889 1
4 D 465 889 1
5 L 0 884 1
5 L 0 994 1
5 D 137 884 1
5 D 137 994 1
12 L 0 730 1
12 L 0 720 1
12 D 449 730 1
12 D 449 720 1
13 L 0 819 1
13 L 0 883 1
13 D 190 819 1
13 D 190 883 1
18 L 0 419 1
18 L 0 384 1
18 D 352 419 1
18 D 352 384 1
15 L 0 512 1
15 L 0 790 1
15 D 742 512 1
15 D 742 790 1
7 L 0 338 1
7 D 297 338 1
0 L 0 266 1
0 L 0 931 1
0 D 16 266 1
0 D 16 931 1
14 L 0 820 1
14 L 0 837 1
14 D 462 820 1
14 D 462 837 1
8 L 0 375 1
8 L 0 999 1
8 D 545 375 1
8 D 545 999 1
12 L 0 228 1
12 D 568 228 1
16 L 0 81 1
16 L 0 210 1
16 D 367 81 1
16 D 367 210 1
17 L 0 534 1
17 L 0 500 1
17 L 0 967 1
17 D 571 534 1
17 D 571 500 1
17 D 571 967 1
9 L 0 862 1
9 D 191 862 1
19 L 0 548 1
19 D 338 548 1
4 L 0 5 1
4 L 0 467 1
4 D 441 5 1
4 D 441 467 1
2 L 0 811 1
2 L 0 953 1
2 D 188 811 1
2 D 188 953 1
11 L 0 277 1
11 D 503 277 1
14 L 0 334 1
14 L 0 52 1
14 D 168 334 1
14 D 168 52 1
19 L 0 840 1
19 L 0 35 1
19 L 0 918 1
19 D 121 840 1
19 D 121 35 1
19 D 121 918 1
3 L 0 308 1
3 L 0 358 1
3 L 0 62 1
3 D 427 308 1
3 D 427 358 1
3 D 427 62 1
6 L 0 58 1
6 L 0 359 1
6 L 0 68 1
6 D 136 58 1
6 D 136 359 1
6 D 136 68 1
10 L 0 907 1
10 L 0 284 1
10 D 200 907 1
10 D 200 284 1
7 L 0 372 1
7 L 0 401 1
7 D 328 372 1
7 D 328 401 1
1 L 0 683 1
1 D 326 683 1
0 L 0 8 1
0 L 0 691 1
0 D 552 8 1
0 D 552 691 1
18 L 0 543 1
18 L 0 123 1
18 L 0 574 1
18 D 266 543 1
18 D 266 123 1
18 D 266 574 1
16 L 0 657 1
16 L 0 275 1
16 D 156 657 1
16 D 156 275 1
5 L 0 967 1
5 L 0 996 1
5 L 0 614 1
5 D 74 967 1
5 D 74 996 1
5 D 74 614 1
9 L 0 68 1
9 L 0 151 1
9 D 228 68 1
9 D 228 151 1
15 L 0 488 1
15 L 0 123 1
15 L 0 940 1
15 D 639 488 1
15 D 639 123 1
15 D 639 940 1
8 L 0 953 1
8 L 0 672 1
8 D 356 953 1
8 D 356 672 1
17 L 0 129 1
17 L 0 997 1
17 D 128 129 1
17 D 128 997 1
12 L 0 168 1
12 L 0 360 1
12 L 0 382 1
12 D 259 168 1
12 D 259 360 1
12 D 259 382 1
13 L 0 100 1
13 D 735 100 1
19 L 0 76 1
19 L 0 370 1
19 D 466 76 1
19 D 466 370 1
7 L 0 964 1
7 L 0 824 1
7 L 0 675 1
7 D 490 964 1
7 D 490 824 1
7 D 490 675 1
0 L 0 389 1
0 L 0 411 1
0 D 703 389 1
0 D 703 411 1
2 L 0 404 1
2 L 0 616 1
2 D 470 404 1
2 D 470 616 1
8 L 0 86 1
8 L 0 587 1
8 L 0 141 1
8 D 211 86 1
8 D 211 587 1
8 D 211 141 1
12 L 0 372 1
12 L 0 486 1
12 D 134 372 1
12 D 134 486 1
4 L 0 522 1
4 L 0 649 1
4 D 348 522 1
4 D 348 649 1
11 L 0 295 1
11 L 0 882 1
11 D 323 295 1
11 D 323 882 1
16 L 0 388 1
16 D 731 388 1
9 L 0 419 1
9 L 0 376 1
9 L 0 268 1
9 D 439 419 1
9 D 439 376 1
9 D 439 268 1
10 L 0 777 1
10 L 0 643 1
10 D 587 777 1
10 D 587 643 1
3 L 0 750 1
3 L 0 680 1
3 L 0 796 1
3 D 379 750 1
3 D 379 680 1
3 D 379 796 1
17 L 0 862 1
17 L 0 970 1
17 D 514 862 1
17 D 514 970 1
6 L 0 642 1
6 L 0 961 1
6 D 3 642 1
6 D 3 961 1
12 L 0 48 1
12 D 20 48 1
8 L 0 620 1
8 L 0 429 1
8 L 0 551 1
8 L 0 947 1
8 D 432 620 1
8 D 432 429 1
8 D 432 551 1
8 D 432 947 1
4 L 0 983 1
4 L 0 931 1
4 L 0 142 1
4 D 298 983 1
4 D 298 931 1
4 D 298 142 1
17 L 0 323 1
17 L 0 139 1
17 D 53 323 1
17 D 53 139 1
13 L 0 502 1
13 L 0 532 1
13 L 0 431 1
13 D 12 502 1
13 D 12 532 1
13 D 12 431 1
14 L 0 637 1
14 L 0 296 1
14 L 0 898 1
14 D 330 637 1
14 D 330 296 1
14 D 330 898 1
15 L 0 918 1
15 L 0 974 1
15 L 0 168 1
15 D 636 918 1
15 D 636 974 1
15 D 636 168 1
1 L 0 129 1
1 L 0 225 1
1 D 758 129 1
1 D 758 225 1
5 L 0 433 1
5 L 0 247 1
5 L 0 983 1
5 D 184 433 1
5 D 184 247 1
5 D 184 983 1
2 L 0 971 1
2 L 0 783 1
2 D 589 971 1
2 D 589 783 1
10 L 0 862 1
10 L 0 832 1
10 D 600 862 1
10 D 600 832 1
4 L 0 380 1
4 L 0 896 1
4 D 747 380 1
4 D 747 896 1
0 L 0 525 1
0 L 0 307 1
0 D 289 525 1
0 D 289 307 1
6 L 0 455 1
6 L 0 10 1
6 D 499 455 1
6 D 499 10 1
11 L 0 261 1
11 L 0 453 1
11 D 621 261 1
11 D 621 453 1
16 L 0 817 1
16 L 0 490 1
16 D 550 817 1
16 D 550 490 1
8 L 0 962 1
8 L 0 727 1
8 L 0 875 1
8 L 0 852 1
8 D 547 962 1
8 D 547 727 1
8 D 547 875 1
8 D 547 852 1
17 L 0 235 1
17 L 0 780 1
17 L 0 218 1
17 D 791 235 1
17 D 791 780 1
17 D 791 218 1
3 L 0 995 1
3 L 0 51 1
3 L 0 452 1
3 L 0 622 1
3 D 197 995 1
3 D 197 51 1
3 D 197 452 1
3 D 197 622 1
19 L 0 481 1
19 L 0 113 1
19 D 320 481 1
19 D 320 113 1
7 L 0 857 1
7 L 0 441 1
7 L 0 773 1
7 D 46 857 1
7 D 46 441 1
7 D 46 773 1
12 L 0 384 1
12 L 0 735 1
12 D 680 384 1
12 D 680 735 1
9 L 0 554 1
9 L 0 228 1
9 D 194 554 1
9 D 194 228 1
11 L 0 237 1
11 L 0 622 1
11 L 0 966 1
11 L 0 181 1
11 D 691 237 1
11 D 691 622 1
11 D 691 966 1
11 D 691 181 1
18 L 0 2 1
18 L 0 182 1
18 L 0 215 1
18 D 255 2 1
18 D 255 182 1
18 D 255 215 1
4 L 0 827 1
4 L 0 400 1
4 L 0 448 1
4 D 746 827 1
4 D 746 400 1
4 D 746 448 1
8 L 0 890 1
8 L 0 159 1
8 D 185 890 1
8 D 185 159 1
2 L 0 517 1
2 L 0 979 1
2 L 0 583 1
2 L 0 397 1
2 D 346 517 1
2 D 346 979 1
2 D 346 583 1
2 D 346 397 1
1 L 0 16 1
1 L 0 614 1
1 L 0 654 1
1 D 597 16 1
1 D 597 614 1
1 D 597 654 1
6 L 0 628 1
6 L 0 385 1
6 D 653 628 1
6 D 653 385 1
10 L 0 673 1
10 L 0 875 1
10 D 664 673 1
10 D 664 875 1
11 L 0 299 1
11 L 0 253 1
11 L 0 549 1
11 L 0 824 1
11 L 0 512 1
11 D 304 299 1
11 D 304 253 1
11 D 304 549 1
11 D 304 824 1
11 D 304 512 1
5 L 0 940 1
5 L 0 736 1
5 L 0 724 1
5 D 428 940 1
5 D 428 736 1
5 D 428 724 1
15 L 0 601 1
15 L 0 149 1
15 L 0 459 1
15 D 712 601 1
15 D 712 149 1
15 D 712 459 1
6 L 0 163 1
6 L 0 362 1
6 D 17 163 1
6 D 17 362 1
13 L 0 356 1
13 L 0 730 1
13 D 656 356 1
13 D 656 730 1
5 L 0 855 1
5 L 0 539 1
5 L 0 931 1
5 D 52 855 1
5 D 52 539 1
5 D 52 931 1
16 L 0 262 1
16 L 0 513 1
16 L 0 238 1
16 L 0 328 1
16 D 59 262 1
16 D 59 513 1
16 D 59 238 1
16 D 59 328 1
14 L 0 501 1
14 L 0 36 1
14 D 192 501 1
14 D 192 36 1
6 L 0 644 1
6 L 0 47 1
6 L 0 823 1
6 L 0 615 1
6 D 519 644 1
6 D 519 47 1
6 D 519 823 1
6 D 519 615 1
19 L 0 70 1
19 L 0 935 1
19 L 0 659 1
19 D 775 70 1
19 D 775 935 1
19 D 775 659 1
0 L 0 270 1
0 L 0 37 1
0 D 365 270 1
0 D 365 37 1
3 L 0 789 1
3 L 0 303 1
3 L 0 355 1
3 D 419 789 1
3 D 419 303 1
3 D 419 355 1
5 L 0 734 1
5 L 0 112 1
5 L 0 189 1
5 D 110 734 1
5 D 110 112 1
5 D 110 189 1
7 L 0 414 1
7 L 0 160 1
7 D 415 414 1
7 D 415 160 1
2 L 0 773 1
2 L 0 616 1
2 D 276 773 1
2 D 276 616 1
9 L 0 431 1
9 L 0 52 1
9 L 0 335 1
9 D 205 431 1
9 D 205 52 1
9 D 205 335 1
8 L 0 167 1
8 L 0 344 1
8 L 0 926 1
8 D 155 167 1
8 D 155 344 1
8 D 155 926 1
12 L 0 727 1
12 L 0 791 1
12 L 0 486 1
12 D 785 727 1
12 D 785 791 1
12 D 785 486 1
0 L 0 293 1
0 L 0 614 1
0 L 0 594 1
0 D 659 293 1
0 D 659 614 1
0 D 659 594 1
19 L 0 594 1
19 L 0 81 1
19 L 0 375 1
19 L 0 870 1
19 D 244 594 1
19 D 244 81 1
19 D 244 375 1
19 D 244 870 1
4 L 0 22 1
4 L 0 583 1
4 L 0 991 1
4 L 0 392 1
4 D 170 22 1
4 D 170 583 1
4 D 170 991 1
4 D 170 392 1
0 L 0 704 1
0 L 0 808 1
0 L 0 437 1
0 L 0 441 1
0 D 265 704 1
0 D 265 808 1
0 D 265 437 1
0 D 265 441 1
17 L 0 887 1
17 L 0 772 1
17 D 387 887 1
17 D 387 772 1
5 L 0 219 1
5 L 0 207 1
5 L 0 154 1
5 D 222 219 1
5 D 222 207 1
5 D 222 154 1
6 L 0 388 1
6 L 0 247 1
6 D 80 388 1
6 D 80 247 1
10 L 0 283 1
10 L 0 16 1
10 L 0 861 1
10 L 0 310 1
10 D 407 283 1
10 D 407 16 1
10 D 407 861 1
10 D 407 310 1
15 L 0 270 1
15 L 0 862 1
15 D 268 270 1
15 D 268 862 1
2 L 0 284 1
2 L 0 193 1
2 L 0 521 1
2 D 495 284 1
2 D 495 193 1
2 D 495 521 1
3 L 0 764 1
3 L 0 135 1
3 L 0 123 1
3 D 173 764 1
3 D 173 135 1
3 D 173 123 1
19 L 0 914 1
19 L 0 262 1
19 D 487 914 1
19 D 487 262 1
1 L 0 967 1
1 L 0 870 1
1 L 0 193 1
1 L 0 654 1
1 L 0 435 1
1 D 263 967 1
1 D 263 870 1
1 D 263 193 1
1 D 263 654 1
1 D 263 435 1
16 L 0 541 1
16 L 0 837 1
16 L 0 878 1
16 L 0 89 1
16 D 764 541 1
16 D 764 837 1
16 D 764 878 1
16 D 764 89 1
18 L 0 522 1
18 L 0 52 1
18 L 0 276 1
18 L 0 105 1
18 D 61 522 1
18 D 61 52 1
18 D 61 276 1
18 D 61 105 1
11 L 0 478 1
11 L 0 78 1
11 L 0 71 1
11 L 0 239 1
11 D 716 478 1
11 D 716 78 1
11 D 716 71 1
11 D 716 239 1
12 L 0 953 1
12 L 0 532 1
12 L 0 34 1
12 L 0 931 1
12 L 0 381 1
12 D 489 953 1
12 D 489 532 1
12 D 489 34 1
12 D 489 931 1
12 D 489 381 1
7 L 0 50 1
7 L 0 473 1
7 L 0 467 1
7 D 581 50 1
7 D 581 473 1
7 D 581 467 1
13 L 0 862 1
13 L 0 150 1
13 D 305 862 1
13 D 305 150 1
